

7.1.3
056C4F88 20 410 158 234

055D8FE8 0 2B0 1A0
0575AAD0 8 8 198 718 8 1E2C
0575AAD0 8 8 198 718 8 1E28
0575AAD0 8 8 198 808
055D8FE8 0 2B0 130
05879560 28 470 80 168 F0 0

055D8FE8 8 2B0 1A0
0575AAD0 8 10 198 718 8 1E2C
0575AAD0 8 10 198 718 8 1E28
0575AAD0 8 10 198 808
055D8FE8 8 2B0 130
05879560 28 470 88 168 F0 0

055D8FE8 10 2B0 1A0
0575AAD0 8 18 198 718 8 1E2C
0575AAD0 8 18 198 718 8 1E28
0575AAD0 8 18 198 808
055D8FE8 10 2B0 130
05879560 28 470 90 168 F0 0

055D8FE8 18 2B0 1A0
0575AAD0 8 20 198 718 8 1E2C
0575AAD0 8 20 198 718 8 1E28
0575AAD0 8 20 198 808
055D8FE8 18 2B0 130
05879560 28 470 98 168 F0 0


